0.106520    2.365131    7.454275    0.017415
0.000000    0.039667    0.077022    0.011195
0.025198    0.000000    0.000000    0.000000
0.374540    0.295435    0.257368    12.098841
0.038943    0.000000    0.000000    0.000000
92.102370   50.541245   54.129909   36.687108
0.000000    0.130570    0.000000    0.030476
0.000000    0.000413    0.000000    0.037317
37.932725   0.025205    0.024422    0.009329
3.063894    0.540046    0.809676    0.031098
0.044670    0.097514    0.574851    0.006841
0.206169    0.330143    0.016907    0.039183
0.065287    0.035535    0.018786    2.151333
7.554932    0.000000    0.000000    0.000000
6.744003    0.009090    0.005636    0.000000
0.000000    0.000413    0.000000    0.007463
0.368813    0.026858    0.016907    0.037317
0.002291    0.002479    0.000000    0.100134
0.012599    0.012396    0.037572    0.001866
0.120265    0.104125    0.033815    0.111329
0.001145    0.014049    0.000000    0.001866
0.205023    0.000000    0.000000    0.000000
0.413483    0.321879    0.375720    0.005598
0.001145    0.018594    0.016907    0.000000
0.012599    0.005785    0.005636    0.006841
0.327579    0.000000    0.015029    0.000000
1.650494    0.173542    0.199131    0.020524
0.115683    0.011156    0.001879    0.004976
0.064141    0.000000    0.000000    0.001244
0.097357    0.449970    0.148409    0.100756
0.020617    0.011156    0.018786    0.017415
0.081322    0.393775    0.129623    0.012439
0.002291    0.032229    0.031936    0.000000
8.065772    8.920890    7.846902    14.037466
0.002291    0.013635    0.003757    0.010573
0.003436    0.009917    0.011272    0.004354
0.000000    0.003719    0.000000    0.006220
0.030925    0.003306    0.000000    0.005598
0.037798    0.488397    0.000000    3.884715
2.020452    0.000000    0.000000    0.000000
0.074450    0.266924    0.343783    0.001244
0.264583    0.166931    0.447106    0.228257
0.013745    0.000000    0.000000    0.000000
0.000000    0.004545    0.000000    0.000000
0.011454    0.283452    0.572972    0.000622
0.035507    0.000000    0.000000    0.000000
0.000000    0.054955    0.000000    0.003732
0.230222    0.286758    0.007514    0.574062
0.010308    0.000000    0.000000    0.000000
0.014890    0.000000    0.000000    0.000000
0.214186    0.002479    0.000000    0.016171
0.333306    0.000000    0.000000    0.000000
0.101939    0.000000    0.000000    0.000000
0.000000    0.069417    0.000000    0.004354
0.017181    0.014462    0.000000    0.000622
0.009163    0.014049    0.000000    0.000000
1.806266    0.002066    0.000000    0.000000
0.025198    0.000000    0.000000    0.000000
0.000000    0.021486    0.000000    0.000622
0.000000    0.017354    0.000000    0.000000
0.000000    0.007851    0.000000    0.001244
0.000000    0.399147    0.000000    0.013683
154.305716  0.000000    0.000000    0.000000
0.174098    3.309696    0.621816    3.203055
0.000000    14.917596   0.090173    0.009329
0.124847    0.000000    0.000000    0.000000
0.000000    0.000000    0.976871    0.000000
0.000000    0.000000    2.765296    0.111951
0.000000    0.000000    0.559822    0.000000
0.000000    0.018181    0.000000    0.001866
0.240530    0.000000    0.000000    0.000000
0.130573    0.000000    0.000000    0.000000
0.000000    0.024792    0.000000    0.000000
0.036652    0.000000    0.000000    0.000000
0.000000    0.011569    0.000000    0.000000
0.000000    0.000000    5.459204    0.000000
0.000000    0.014875    0.000000    0.000000
0.000000    0.009090    0.000000    0.000000
0.013745    0.000000    0.000000    0.000000
1.108729    0.000000    0.000000    0.000000
0.089340    0.042972    0.067630    0.083342
6.057920    42.303366   1.841026    22.732361
0.006872    0.000000    0.000000    0.000000
0.089340    0.214035    0.003757    2.866579
0.010308    0.223539    0.001879    44.436635
44.543864   0.737141    0.067630    13.392502
0.218768    0.301633    0.024422    4.283386
0.001145    0.010330    0.000000    0.155488
0.000000    0.000000    0.000000    0.136830
0.279473    0.368157    0.001879    0.070903
0.000000    0.000000    0.000000    0.007463
3.510592    2.553548    0.174710    0.353269
0.018326    0.002066    0.000000    0.176013
0.032071    0.204532    0.000000    0.014305
0.000000    0.000000    0.000000    0.081476
0.000000    0.000000    0.000000    0.003732
0.013745    0.007851    0.000000    0.133720
0.282909    0.018181    0.000000    0.000000
0.223349    0.104125    0.000000    0.018659
0.000000    0.000000    0.000000    0.967758
13.994264   12.057871   3.563699    0.812892
0.000000    0.007438    0.000000    3.189994
0.109957    0.104538    0.003757    0.002488
0.000000    0.000000    0.000000    0.028610
0.000000    0.000000    0.000000    0.013061
0.026344    0.034295    0.000000    0.002488
0.000000    0.000000    0.000000    0.016171
0.065287    0.025205    0.000000    0.003732
0.000000    0.031816    0.000000    0.000000
0.000000    0.000000    0.000000    0.219549
0.000000    0.000826    0.000000    0.751319
0.001145    0.077681    0.000000    0.000000
20.206810   66.963699   69.816198   46.882774
0.000000    0.000000    0.000000    0.141805
0.048106    0.000000    0.000000    0.000000
0.011454    0.069004    0.046965    0.038561
0.034361    0.076028    0.001879    0.086451
0.025198    0.095035    0.093930    0.146781
0.000000    0.089663    0.007514    0.023634
0.103084    0.493769    0.131502    0.251891
0.014890    0.103299    0.077022    20.869614
76.654617   251.002206  299.076481  112.325853
0.001145    0.040906    0.003757    124.677829
0.049251    0.101233    0.202889    0.115683
0.000000    0.009917    0.003757    0.003732
0.000000    0.019007    0.001879    0.006841
0.010308    0.011569    0.000000    0.031098
0.043524    0.150816    0.035693    0.016171
0.129428    0.091729    0.009393    0.008085
0.077886    0.333449    0.584244    0.559135
0.163789    0.197507    0.326876    0.288586
0.016035    0.140073    0.001879    0.136208
0.284054    0.059087    0.105201    0.386854
0.002291    0.015701    0.003757    0.001244
0.183261    0.672682    1.313140    0.190939
0.044670    0.170237    0.048844    0.110086
0.034361    0.021899    0.026300    0.006841
0.002291    0.235521    0.005636    0.011195
0.002291    0.007438    0.024422    0.072146
0.028635    0.478480    0.101444    0.291696
0.000000    0.003719    0.003757    0.004976
0.036652    0.082639    0.007514    0.108220
0.014890    0.107431    0.210403    0.053488
0.013745    0.002892    0.000000    0.005598
0.254275    0.072722    0.007514    0.170415
0.358504    0.407824    0.114594    0.750075
2.264418    0.094209    0.016907    2.659469
0.222204    0.685491    0.882941    0.598318
0.000000    0.002066    0.001879    0.004354
0.090485    0.718960    1.683223    0.102622
0.000000    0.000000    0.000000    0.053488
0.316125    1.334621    0.886698    0.884416
0.026344    0.138007    0.097687    0.190317
0.016035    0.071483    0.048844    0.046024
0.074450    0.417327    0.480921    0.337720
0.012599    0.182219    0.229189    0.194671
0.000000    0.008677    0.016907    0.014305
0.000000    0.027684    0.000000    0.000000
0.000000    0.059087    0.001879    0.001866
1.823446    2.468430    2.808503    2.856006
0.056124    0.006611    0.005636    0.000000
3.384601    3.780739    7.692857    8.881481
0.112247    14.808100   0.294940    2.915091
0.000000    0.094209    0.000000    0.004976
0.005727    0.077681    0.086415    0.061573
0.309253    1.366851    1.861690    0.631282
0.036652    0.823085    3.420926    0.100134
0.010308    0.028510    0.050722    0.006841
0.001145    0.003719    0.000000    0.184720
0.013745    0.029337    0.108959    0.016793
0.005727    2.042012    4.031470    0.520574
0.916305    2.714694    12.224034   1.127600
0.000000    0.011983    0.000000    0.012439
0.000000    0.003719    0.000000    0.000000
0.006872    0.034708    0.061994    0.011817
0.000000    0.257008    0.015029    0.022390
0.035507    0.130983    0.217917    0.019902
0.000000    0.054542    0.000000    0.002488
0.000000    0.061979    0.003757    0.028610
0.008018    0.000826    0.000000    0.000000
0.000000    0.019420    0.001879    0.000000
0.009163    0.011569    0.026300    0.011195
0.008018    0.003306    0.028179    0.000622 